# mjd lst in_sky in_see in_trans real_sky real_see real_trans
58727.50 48.76  20.2 4.93 0.00 20.4 1.59 0.00 
58727.52 56.28  16.3 8.88 0.00 16.4 1.50 0.00 
58727.54 63.80  9.8 0.99 0.00 9.8 0.99 0.00 
58727.56 71.32  7.0 1.40 0.00 7.0 1.41 0.00 
58727.58 78.84  6.6 8.88 0.00 6.6 1.15 0.00 
58727.60 86.36  6.4 2.03 0.00 6.4 1.49 0.00 
58727.63 93.88  6.3 1.26 0.00 6.3 1.26 0.00 
58727.65 101.41  6.3 1.31 0.00 6.1 1.46 0.00 
58727.67 108.93  6.1 1.00 0.00 6.1 1.00 0.00 
58727.69 116.45  6.1 1.68 0.00 5.8 1.00 0.00 
58727.71 123.97  5.8 1.52 0.00 5.7 8.88 0.00 
58727.73 131.49  5.7 8.88 0.00 5.6 1.94 0.00 
58727.75 139.01  5.6 1.02 0.00 5.8 1.13 0.00 
58727.77 146.53  5.8 2.16 0.00 5.7 3.46 0.00 
58727.79 154.05  5.7 1.23 0.00 5.4 1.33 0.00 
58727.81 161.57  5.4 1.01 0.00 5.6 1.29 0.00 
58727.83 169.09  5.7 3.53 0.00 4.8 8.88 0.00 
58727.85 176.61  4.8 1.62 0.00 4.8 1.62 0.00 
58727.88 184.13  4.8 0.99 0.00 5.7 1.26 0.00 
58727.90 191.65  5.7 2.77 0.00 4.8 1.47 0.00 
58727.92 199.17  4.8 1.13 0.00 4.8 1.13 0.00 
58727.94 206.69  4.9 7.86 0.00 5.2 8.88 0.00 
58727.96 214.21  5.2 8.88 0.00 5.5 8.88 0.00 
58727.98 221.73  5.5 8.88 0.00 5.6 8.88 0.00 
58728.00 229.25  5.7 8.88 0.00 6.0 8.88 0.00 
58728.02 236.77  6.1 1.95 0.00 6.2 1.63 0.00 
58728.04 244.30  6.4 8.88 0.00 6.4 1.32 0.00 
58728.06 -108.18  7.0 1.05 0.00 7.1 4.98 0.00 
58728.08 -100.66  11.6 8.88 0.00 11.7 4.53 0.00 
58728.10 -93.14  17.7 8.88 0.00 17.8 1.32 0.00 
58728.13 -85.62  21.1 1.00 0.00 21.1 8.88 0.00 
58728.15 -78.10  22.1 8.88 0.00 22.1 8.88 0.00 
58728.17 -70.58  22.2 1.54 0.00 22.2 1.54 0.00 
58728.19 -63.06  22.2 0.99 0.00 21.9 1.69 0.00 
58728.21 -55.54  21.9 1.60 0.00 22.1 8.88 0.00 
58728.23 -48.02  22.0 8.88 0.00 22.2 8.88 0.00 
58728.25 -40.50  22.2 8.88 0.00 22.2 8.88 0.00 
58728.27 -32.98  22.1 8.88 0.00 22.1 8.88 0.00 
58728.29 -25.46  22.1 1.73 0.00 22.1 1.07 0.00 
58728.31 -17.94  22.1 2.98 0.00 22.1 8.88 0.00 
58728.33 -10.42  22.1 1.46 0.00 22.1 1.46 0.00 
58728.35 -2.90  22.0 1.09 0.00 22.2 8.88 0.00 
58728.39 10.14  22.1 1.12 0.00 21.8 8.88 0.00 
58728.41 17.66  21.8 3.66 0.00 21.8 3.66 0.00 
58728.43 25.18  21.7 1.34 0.00 22.0 1.18 0.00 
58728.45 32.70  22.0 1.17 0.00 22.1 4.18 0.00 
58728.47 40.22  22.1 1.83 0.00 21.7 8.88 0.00 
58728.49 47.74  20.9 8.88 0.00 21.0 1.15 0.00 
